Local base-pair step parameters
    step       Shift     Slide      Rise      Tilt      Roll     Twist
   1 AT/AT     -0.87     -0.61      3.07      2.35      0.78     32.52
   2 TC/GA      0.78      0.02      3.46     -0.63      5.20     37.92
   3 CA/TG     -0.17      0.13      3.35      1.73      6.59     30.95
   4 AA/TT     -0.54      0.26      3.27     -5.56      2.17     35.66
   5 AT/AT      0.59     -0.54      3.25      2.93     -2.17     33.50
   6 TA/TA      0.06     -0.18      3.33     -1.97     -5.69     41.49
   7 AT/AT      0.24     -0.80      3.35      0.52     -3.20     32.85
   8 TC/GA      0.20     -0.31      3.24      2.48     -1.18     40.64
   9 CC/GG     -0.19     -0.06      3.24      0.69      7.50     27.88
  10 CA/TG     -0.48      0.31      3.25     -4.27      5.64     36.06
  11 AC/GT      0.52     -0.78      3.38      0.42      4.46     28.31
  12 CC/GG      0.38     -0.59      3.37      1.26      8.87     34.53
  13 CT/AG     -0.63      0.27      3.47      0.93      9.81     29.83
  14 TG/CA      0.22      1.41      3.21     -0.26     -6.25     43.67
  15 GC/GC     -0.19      0.29      2.99      4.28      4.75     28.41
  16 CA/TG      0.07      2.47      3.20     -2.79    -11.14     46.93
  17 AG/CT      0.75     -0.13      3.52      0.76     -2.18     32.18
  18 GA/TC      0.66     -0.35      3.53      2.35     -4.20     41.72
  19 AT/AT      0.26     -0.44      3.15      3.87     -2.87     32.65
  20 TA/TA     -0.17     -0.86      3.41     -2.53     10.91     28.31
  21 AC/GT     -1.06     -0.49      3.02     -3.49     12.68     30.03
  22 CT/AG      0.19     -0.48      3.57     -2.49     -2.25     35.52
  23 TA/TA     -0.04     -1.05      3.13      3.26     17.84     29.57
  24 AC/GT     -0.07     -0.37      3.07      0.16      1.05     29.75
  25 CC/GG      0.10      0.18      3.42      6.64      7.83     29.68
  26 CA/TG      0.29      2.46      3.00     -2.62     -8.45     43.36
  27 AA/TT     -0.12      0.26      3.55     -2.51     -1.99     36.56
  28 AA/TT      0.20     -0.31      3.59      5.06     -6.93     40.56
  29 AA/TT      0.36     -0.23      3.25     -0.02      2.64     32.92
  30 AG/CT     -0.31     -0.14      3.80     -0.18      7.54     34.43
  31 GT/AC     -0.17     -0.51      2.75     -2.29      6.10     30.99
  32 TG/CA      0.35     -0.47      3.23    -13.42      5.74     30.22
  33 GT/AC     -0.58     -0.86      3.38      8.34      5.59     30.82
  34 TA/TA      0.52     -0.36      3.62      3.03      5.24     36.03
  35 AT/AT     -0.05     -0.53      2.92     -2.74      2.90     34.02
  36 TT/AA      0.01     -0.28      3.66      1.58     -2.99     40.17
  37 TT/AA     -0.18     -0.18      3.02     -0.30     -0.68     28.61
  38 TG/CA     -0.43      2.58      3.25     -2.30    -18.43     50.04
  39 GG/CC      0.95      0.86      3.47      2.04      7.00     28.54
  40 GA/TC     -1.23      0.92      3.20     -4.80     -0.68     38.15
  41 AA/TT     -0.02     -0.21      3.41     -0.87      4.49     34.18
  42 AA/TT      0.33      0.19      3.01      1.39      8.81     33.24
  43 AC/GT      0.24     -0.51      3.27      4.62      8.73     29.63
  44 CT/AG      1.27      0.02      3.41      2.31     17.04     32.13
  45 TG/CA     -1.67      0.82      3.25     -5.86      3.07     37.42
  46 GC/GC      0.59      0.99      3.37      1.35     -2.34     42.30
  47 CT/AG     -1.15      0.48      3.31     -4.67     -4.42     34.13
  48 TC/GA      1.33      0.97      3.13      6.12     -1.24     43.25
  49 CC/GG     -1.20      0.43      3.42     -5.77     -2.27     34.13
  50 CA/TG     -0.23      0.14      3.56      0.45      4.14     36.42
  51 AT/AT      0.73     -0.40      2.88      2.86      6.01     26.03
  52 TC/GA     -0.34     -0.24      3.25     -4.02      8.83     33.39
  53 CA/TG      0.19      0.25      3.90      7.22     12.45     33.05
  54 AA/TT      0.78      1.05      3.35      3.35     23.80     25.92
  55 AA/TT     -1.00      0.48      2.83     -9.83     -1.56     24.24
  56 AA/TT     -0.34     -0.10      3.40      3.05      7.81     38.08
  57 AG/CT      1.56      0.62      2.96      2.21    -12.38     32.24
  58 GG/CC     -1.32      1.08      4.01     -1.60     -3.21     42.75
  59 GC/GC      1.50      0.68      3.78      6.11    -12.52     39.01
  60 CA/TG     -1.27      0.72      3.36     -6.13      7.92     34.87
  61 AT/AT     -0.37     -0.52      3.12     -3.02     -0.30     30.19
  62 TG/CA      0.16      0.51      3.60      0.84     10.30     36.55
  63 GT/AC     -0.23     -0.42      2.96     -5.46      4.17     32.40
  64 TT/AA     -0.27      0.03      3.47     -0.08      8.55     32.92
  65 TC/GA      0.52      0.20      3.08      3.57      5.40     32.02
  66 CA/TG      0.72      0.89      3.32      4.72      9.59     34.96
  67 AG/CT     -0.98      1.56      3.39     -3.87     -4.14     40.99
  68 GC/GC      1.02      1.30      3.42      1.52     -6.11     41.22
  69 CT/AG     -0.81      0.51      3.31     -1.38     -2.69     33.84
  70 TG/CA      0.87      1.76      3.40      3.78     -2.57     43.52
  71 GG/CC      0.24      0.29      3.18     -3.52      6.91     27.25
  72 GA/TC     -0.58     -0.05      3.39     -2.93      5.91     36.59
  73 AA/TT     -0.16     -0.31      3.30     -2.80      4.59     36.51
  74 AT/AT     -0.13     -1.06      3.16      3.16      7.00     28.86
  75 TC/GA     -0.27     -0.20      3.35      0.71      6.22     32.33
  76 CC/GG      0.19      0.09      3.28      2.36      6.74     30.21
  77 CA/TG     -0.91      1.74      3.45     -2.55     -2.03     43.56
  78 AG/CT      1.12      0.53      3.19     -0.48     -5.03     32.48
  79 GC/GC     -1.27      1.29      3.46     -0.75     -6.46     41.51
  80 CT/AG      1.28      1.57      3.36      4.06     -4.86     42.21
  81 TG/CA     -0.64      0.78      3.21     -6.62      7.30     34.65
  82 GA/TC     -0.49      0.09      3.44      1.25      7.33     33.65
  83 AA/TT      0.38      0.13      3.27      1.67      9.69     31.98
  84 AC/GT     -0.08     -0.40      3.41     -3.35      6.68     31.58
  85 CA/TG     -0.47      0.57      3.42     -0.37      9.09     35.45
  86 AT/AT      0.11     -0.45      3.20     -0.00      0.68     28.67
  87 TG/CA      0.93      0.44      3.56      2.18      4.68     34.54
  88 GC/GC     -1.30      0.52      3.31     -3.00     -7.01     38.71
  89 CC/GG      0.48      1.94      3.66      1.06     -8.32     45.87
  90 CT/AG     -0.36      1.66      3.47     -2.00     -9.28     40.37
  91 TT/AA      0.09      0.19      3.16     -3.20      3.71     32.37
  92 TT/AA      0.52     -0.08      3.33      1.83     10.62     31.26
  93 TT/AA     -0.04      0.46      3.27      1.49     11.25     30.07
  94 TG/CA      0.03     -0.53      3.81      2.11     21.63     24.50
  95 GA/TC      0.07     -0.55      3.04     -4.29      5.31     33.63
  96 AT/AT     -0.44     -0.58      3.00     -0.56      4.76     24.04
  97 TG/CA     -0.26      0.47      3.31     -3.58      0.75     40.94
  98 GG/CC      1.25      0.25      3.56      9.78      2.03     32.40
  99 GA/TC     -1.43      1.34      3.17     -6.65     -4.39     42.75
 100 AG/CT      1.03      0.34      3.32     -2.71     -2.97     35.02
 101 GC/GC     -0.81      0.50      3.20     -0.42     -3.19     38.03
 102 CA/TG      1.48      0.69      3.53      6.79      1.56     37.71
 103 AG/CT     -1.34      0.09      3.50     -6.70     12.67     31.93
 104 GT/AC     -0.78     -0.34      3.02     -3.38      9.57     31.26
 105 TT/AA      0.01      0.00      3.35      0.65      9.12     30.20
 106 TT/AA     -0.19     -0.06      3.34     -0.20      5.40     40.48
 107 TC/GA      1.21      0.66      3.23      5.24     -1.95     34.78
 108 CC/GG     -1.04      0.89      3.17      0.37      6.49     29.91
 109 CA/TG      0.80      2.32      3.30      2.18    -15.60     47.15
 110 AA/TT      0.08     -0.12      2.93     -1.41      1.98     34.59
 111 AA/TT     -0.24     -0.29      3.92      4.30      0.78     37.02
 112 AT/AT      0.17     -0.40      2.96     -3.13     -2.98     33.06
 113 TA/TA      0.04     -0.03      3.67      1.03      4.10     38.51
 114 AC/GT      0.38     -0.74      3.13     -3.84     13.86     25.34
 115 CA/TG     -0.05      0.08      3.18      2.15      7.27     33.38
 116 AC/GT      0.35     -0.13      3.26      2.47      4.98     36.93
 117 CT/AG     -0.29     -0.28      3.26     -1.63      1.23     30.64
 118 TT/AA     -0.13     -0.54      3.58     -0.42      0.74     35.67
 119 TT/AA     -0.06     -0.05      3.34      2.21     -5.65     39.48
 120 TT/AA     -0.36      0.22      3.15      1.35     -3.01     35.15
 121 TG/CA     -0.04      2.29      3.25     -2.76    -10.71     41.68
 122 GG/CC      0.05     -0.05      3.36     -1.07      9.41     28.88
 123 GT/AC     -0.11     -0.48      3.24     -3.19      2.45     30.97
 124 TA/TA      0.31     -0.92      3.02      0.05     13.31     33.76
 125 AG/CT     -0.31     -0.48      3.81      6.43      6.45     29.40
 126 GT/AC      1.34     -0.15      2.83      0.80     10.67     25.44
 127 TA/TA      0.46     -0.08      3.44     -8.34      7.09     35.24
 128 AT/AT     -0.88     -0.84      3.15      4.07     -3.53     35.08
 129 TC/GA      0.19     -0.60      3.80     -3.68     -3.18     39.33
 130 CT/AG     -0.66     -0.44      3.21     -2.85      2.01     31.91
 131 TG/CA     -0.30      2.54      3.18      3.12    -16.22     46.41
 132 GC/GC      0.03      0.40      2.76     -0.49      7.57     31.42
 133 CA/TG     -0.06      1.87      3.74     -0.94     -0.59     42.03
 134 AG/CT      0.29      0.48      2.97     -5.22      6.32     28.19
 135 GG/CC     -0.38     -0.39      3.42     -3.50     14.08     34.62
 136 GT/AC     -0.60     -0.52      3.26      0.53      4.98     30.08
 137 TG/CA     -0.18     -0.04      3.33     -0.80      9.81     35.31
 138 GG/CC      0.89      0.12      3.29     -0.61      4.18     30.77
 139 GA/TC     -0.12     -0.23      3.35     -1.59      1.53     35.30
 140 AT/AT     -0.09     -0.59      3.17     -0.26     -0.76     31.92
 141 TA/TA     -0.16      0.19      3.54     -2.12     -7.49     43.60
 142 AT/AT     -0.29     -0.63      3.25      0.29     -0.53     32.21
 143 TT/AA      0.28     -0.07      3.14      3.22      0.45     35.14
 144 TG/CA      1.07      0.47      3.45      6.45      4.02     33.41
 145 GA/TC     -0.82     -0.03      3.16     -5.56      5.34     33.87
 146 AT/AT      0.89     -0.97      3.26      2.01      2.21     33.88
          ~~~~~~~~~~~~~~~~~~~~~~~~~~~~~~~~~~~~~~~~~~~~~~~~~~~~~~~~~~~~
      ave.     -0.00      0.19      3.31     -0.16      2.55     34.63
      s.d.      0.67      0.79      0.23      3.67      7.14      5.19